Per-level latency / throughput (unique-nonce requests, no cache reuse):
TTFT (ms): P50/P95/P99/P100 ascending;  tokens/s: higher is better so percentiles are inverted (P100 = slowest).
                                     |                   TTFT (ms)                    |                    tokens/s
     ctx  users       task failed    |           P50       P95       P99      P100    |           P50       P95       P99      P100
-----------------------------------------------------------------------------------------------------------------------------------
       0      1     coding      0    |         873.6     873.6     873.6     873.6    |         313.2     313.2     313.2     313.2
       0      1   creative      0    |         599.8     599.8     599.8     599.8    |         173.2     173.2     173.2     173.2
       0      1      mixed      0    |         532.7     532.7     532.7     532.7    |         239.2     239.2     239.2     239.2
-----------------------------------------------------------------------------------------------------------------------------------
       0      4     coding      0    |         508.0     628.3     640.8     643.9    |         255.5     251.9     251.8     251.7
       0      4   creative      0    |         636.9     648.9     650.4     650.7    |         138.9     134.2     134.0     134.0
       0      4      mixed      0    |         355.6     394.2     395.7     396.1    |         179.9     171.0     169.9     169.7
-----------------------------------------------------------------------------------------------------------------------------------
       0     32     coding      0    |        2500.1    9016.6   22747.5   28767.7    |         117.4     108.1     106.9     106.6
       0     32   creative      0    |        3289.1    7812.9    9009.0    9254.5    |          62.0      59.2      58.3      58.1
       0     32      mixed      0    |        2972.5    5358.3   22880.9   30539.5    |          86.0      79.8      79.4      79.2
-----------------------------------------------------------------------------------------------------------------------------------
       0     64     coding      0    |       55878.8   63310.3   75398.0   82773.6    |         115.7     110.7     109.1     109.0
       0     64   creative      0    |       55807.1   63419.3   74791.8   81655.6    |          61.4      58.6      58.0      57.7
       0     64      mixed      0    |       55585.8   61897.4   68366.7   75215.9    |          82.4      78.0      76.7      75.6
-----------------------------------------------------------------------------------------------------------------------------------
       0    128     coding      0    |      164911.6  172942.8  175752.2  178883.9    |         115.6     109.7     108.5     103.2
       0    128   creative      0    |      164749.7  176273.4  186600.9  189751.4    |          61.2      59.2      58.4      58.0
       0    128      mixed      0    |      164364.7  173972.1  180585.7  181736.4    |          83.1      77.0      74.7      73.9
-----------------------------------------------------------------------------------------------------------------------------------
   65536      1     coding      0    |        3246.4    3246.4    3246.4    3246.4    |         335.2     335.2     335.2     335.2
   65536      1   creative      0    |        3401.4    3401.4    3401.4    3401.4    |         180.1     180.1     180.1     180.1
   65536      1      mixed      0    |        3621.9    3621.9    3621.9    3621.9    |         257.2     257.2     257.2     257.2
-----------------------------------------------------------------------------------------------------------------------------------
   65536      4     coding      0    |        4447.7    8714.2    9190.5    9309.5    |         241.9     232.0     231.4     231.2
   65536      4   creative      0    |        5123.8   10967.2   11606.9   11766.8    |          97.2      82.3      80.3      79.8
   65536      4      mixed      0    |        3531.7    5329.0    5571.2    5631.8    |         150.4     141.5     141.3     141.3
-----------------------------------------------------------------------------------------------------------------------------------
   65536     32     coding      0    |       14379.8   67387.6  100476.1  111988.1    |          52.5      38.1      31.5      29.5
   65536     32   creative      0    |       14071.7   70642.4   77683.7   80133.5    |          28.2      19.8      19.4      19.4
   65536     32      mixed      0    |       14481.8   79795.5  111973.2  125101.2    |          37.2      31.6      31.4      31.3
-----------------------------------------------------------------------------------------------------------------------------------
   65536     64     coding      0    |      155643.2  179820.9  242336.3  254206.9    |          48.0      38.5      33.9      32.9
   65536     64   creative      0    |      157504.3  213252.9  235472.9  244872.3    |          25.8      19.9      17.5      17.4
   65536     64      mixed      0    |      159792.6  195268.9  226737.6  238120.6    |          34.6      30.5      27.1      25.4
-----------------------------------------------------------------------------------------------------------------------------------
   65536    128     coding      9    |      265951.1  534888.4  594437.9  904198.4    |          46.1      38.3      36.4      36.3
   65536    128   creative     14    |      238328.8  546182.3  602303.2  892879.8    |          24.7      21.0      19.3      19.0
   65536    128      mixed     10    |      281534.7  561279.4  878384.1  896418.0    |          33.9      30.0      28.0      27.7
