Per-level latency / throughput (unique-nonce requests, no cache reuse):
TTFT (ms): P50/P95/P99/P100 ascending;  tokens/s: higher is better so percentiles are inverted (P100 = slowest).
                                     |                   TTFT (ms)                    |                    tokens/s                
     ctx  users       task failed    |           P50       P95       P99      P100    |           P50       P95       P99      P100
-----------------------------------------------------------------------------------------------------------------------------------
       0      1     coding      0    |         951.8     951.8     951.8     951.8    |         315.7     315.7     315.7     315.7
       0      1   creative      0    |         435.8     435.8     435.8     435.8    |         169.9     169.9     169.9     169.9
       0      1      mixed      0    |         394.2     394.2     394.2     394.2    |         219.2     219.2     219.2     219.2
-----------------------------------------------------------------------------------------------------------------------------------
       0      4     coding      0    |         268.8    1034.3    1140.4    1167.0    |         287.2     281.4     280.7     280.5
       0      4   creative      0    |        1154.9    1158.9    1159.0    1159.0    |         146.9     143.9     143.6     143.5
       0      4      mixed      0    |         368.1     433.0     439.9     441.7    |         203.9     194.0     193.1     192.8
-----------------------------------------------------------------------------------------------------------------------------------
       0     32     coding      0    |        2918.8    7966.1   24115.2   31300.9    |         125.2     115.4     113.1     112.9
       0     32   creative      0    |        2613.0    5953.1    9308.9   10633.6    |          66.3      62.7      62.2      62.1
       0     32      mixed      0    |        2843.6    7466.0   24375.3   31431.6    |          88.0      80.3      79.8      79.7
-----------------------------------------------------------------------------------------------------------------------------------
       0     64     coding      0    |       50321.3   63076.1   72393.4   76471.2    |         123.1     116.7     115.1     114.6
       0     64   creative      0    |       50409.5   59779.9   66455.4   72472.5    |          65.7      63.2      60.9      59.1
       0     64      mixed      0    |       53332.1   62703.2   67601.0   72003.4    |          89.1      81.5      80.5      80.2
-----------------------------------------------------------------------------------------------------------------------------------
       0    128     coding      4    |      149795.8  164091.4  166495.1  167562.0    |         123.1     116.1     113.0     111.7
       0    128   creative      1    |      152279.3  163350.1  166774.3  173834.5    |          65.8      63.0      62.4      62.3
       0    128      mixed      7    |      151816.8  161735.7  164983.8  165404.0    |          88.9      83.6      80.6      80.3
-----------------------------------------------------------------------------------------------------------------------------------
   65536      1     coding      0    |        3033.3    3033.3    3033.3    3033.3    |         286.1     286.1     286.1     286.1
   65536      1   creative      0    |        2957.6    2957.6    2957.6    2957.6    |         167.0     167.0     167.0     167.0
   65536      1      mixed      0    |        3116.3    3116.3    3116.3    3116.3    |         218.2     218.2     218.2     218.2
-----------------------------------------------------------------------------------------------------------------------------------
   65536      4     coding      0    |        3209.1    7884.9    8531.4    8693.0    |         261.9     218.4     212.5     211.0
   65536      4   creative      0    |        4841.6   10000.9   10550.6   10688.0    |         107.9     102.0     101.7     101.6
   65536      4      mixed      0    |        3369.3    4844.2    5021.1    5065.3    |         161.6     148.4     147.4     147.1
-----------------------------------------------------------------------------------------------------------------------------------
   65536     32     coding      0    |       11158.8   61341.9  112469.0  131486.0    |          55.9      31.4      29.3      28.4
   65536     32   creative      0    |       12730.7   66863.3   71207.9   72585.8    |          26.8      17.7      16.0      15.5
   65536     32      mixed      0    |       11735.5   60831.0  113405.0  135855.9    |          40.4      28.5      26.2      25.6
-----------------------------------------------------------------------------------------------------------------------------------
   65536     64     coding      0    |      133765.7  156264.8  214140.0  220133.5    |          55.1      45.4      41.2      38.7
   65536     64   creative      0    |      134417.2  193937.6  211335.9  217391.2    |          30.0      23.3      22.5      22.2
   65536     64      mixed      0    |      134603.5  171747.2  205093.6  213929.6    |          42.3      37.8      34.6      33.9
-----------------------------------------------------------------------------------------------------------------------------------
   65536    128     coding      1    |      232289.4  557417.2  600172.4  602894.7    |          55.7      46.1      40.8      39.0
   65536    128   creative      9    |      228329.0  559956.8  823734.3  900273.0    |          30.2      25.1      23.0      21.4
   65536    128      mixed      7    |      267491.9  579121.4  901430.3  904518.0    |          41.6      36.3      34.9      34.2
