Per-level latency / throughput (multiturn: shared prefix reused across each user's turns):
TTFT (ms): P50/P95/P99/P100 ascending;  tokens/s: higher is better so percentiles are inverted (P100 = slowest).
TTFT turn1 = first request (full prefill);  TTFT-post = turns 2+ (shared prefix reused — shows prefix-cache benefit).
                                     |                TTFT turn1 (ms)                 |                 TTFT-post (ms)                 |                    tokens/s                
     ctx  users       task failed    |           P50       P95       P99      P100    |           P50       P95       P99      P100    |           P50       P95       P99      P100
------------------------------------------------------------------------------------------------------------------------------------------------------------------------------------
       0      1     coding      0    |         930.6     930.6     930.6     930.6    |         510.4     847.2     882.1     890.8    |         331.1     318.0     317.6     317.5
       0      1   creative      0    |         458.9     458.9     458.9     458.9    |         568.3     585.4     586.0     586.2    |         170.9     163.1     162.6     162.5
       0      1      mixed      0    |         460.1     460.1     460.1     460.1    |         618.1     743.1     758.5     762.3    |         236.3     232.4     231.7     231.6
------------------------------------------------------------------------------------------------------------------------------------------------------------------------------------
       0      4     coding      0    |         589.9     595.9     596.3     596.4    |         573.5     824.2     899.9     918.8    |         296.2     271.0     267.2     266.3
       0      4   creative      0    |         321.8     602.2     641.5     651.3    |         426.2     726.4     794.2     811.2    |         162.1     146.8     146.2     146.0
       0      4      mixed      0    |         382.8     473.3     473.4     473.5    |         511.3     665.8     685.0     689.8    |         220.4     205.6     205.4     205.3
------------------------------------------------------------------------------------------------------------------------------------------------------------------------------------
       0     32     coding      0    |        3090.7    4626.1    4861.6    4920.5    |         433.8     677.9     733.8     775.0    |         125.1     115.3     113.3     111.9
       0     32   creative      0    |        2029.2    4621.3    4751.5    4805.9    |         390.4     725.0     780.3     881.9    |          69.0      63.5      62.2      59.8
       0     32      mixed      0    |        1815.3    4697.6    4918.6    4930.2    |         661.5     870.0     916.4     993.5    |          91.5      84.0      82.5      78.9
------------------------------------------------------------------------------------------------------------------------------------------------------------------------------------
       0     64     coding      0    |        5079.5   10714.3   11293.8   11296.1    |         719.3    1116.9    1323.6    2633.6    |          84.1      78.6      77.6      76.9
       0     64   creative      0    |        5046.8   10951.4   11245.6   11445.4    |         646.9     982.2    1240.0    7378.7    |          47.1      43.1      42.1      35.3
       0     64      mixed      0    |        5112.5   10831.0   11194.2   11323.7    |         718.3    2477.1    2731.6    4404.1    |          66.3      59.6      56.9      54.9
------------------------------------------------------------------------------------------------------------------------------------------------------------------------------------
       0    128     coding      0    |       11719.1   23238.1   61367.9   61378.1    |         993.9    3292.0    7064.9   10495.6    |          60.3      53.7      51.7      49.3
       0    128   creative      0    |       11844.3   22992.0   25400.4   25414.2    |        1113.2    3737.2    6025.0   18368.2    |          32.5      30.1      29.2      28.1
       0    128      mixed      0    |       11284.1   22667.8   69466.0   69472.5    |        1386.1    4457.3    8222.4   29541.2    |          45.3      41.4      39.8      37.5
------------------------------------------------------------------------------------------------------------------------------------------------------------------------------------
   32768      1     coding      0    |        1611.7    1611.7    1611.7    1611.7    |         765.6    3036.2    3356.5    3436.6    |         305.9     296.7     296.2     296.1
   32768      1   creative      0    |        1334.1    1334.1    1334.1    1334.1    |         724.7     843.4     858.0     861.6    |         156.3      81.7      70.4      67.6
   32768      1      mixed      0    |        1665.4    1665.4    1665.4    1665.4    |         837.5     868.7     870.9     871.5    |         226.1     199.9     195.8     194.8
------------------------------------------------------------------------------------------------------------------------------------------------------------------------------------
   32768      4     coding      0    |        3326.3    4477.5    4562.9    4584.3    |         573.7     822.0     830.9     833.2    |         299.4     258.7     240.6     236.1
   32768      4   creative      0    |        3546.7    6894.9    7288.7    7387.2    |         554.1     737.8     778.5     788.6    |         155.1     119.9     113.9     112.4
   32768      4      mixed      0    |        3805.4    4957.1    5042.5    5063.8    |         715.1     794.3     796.6     797.1    |         211.1     164.6     160.0     158.9
------------------------------------------------------------------------------------------------------------------------------------------------------------------------------------
   32768     32     coding      2    |       19514.7   35060.8   36213.7   36457.7    |         728.6    1208.9    1584.4    1865.1    |         113.7      60.8      52.0      46.5
   32768     32   creative      0    |       19129.4   34657.9   35530.4   35651.8    |         833.2     972.2    1512.3    1788.8    |          66.2      45.9      40.8      36.3
   32768     32      mixed      0    |       19391.7   34954.4   36133.4   36392.4    |         603.6     911.8    1081.1    1683.4    |          88.2      57.6      49.0      47.4
------------------------------------------------------------------------------------------------------------------------------------------------------------------------------------
   32768     64     coding      0    |       36951.9   68367.4   70964.2   71318.7    |         611.4     854.7     990.4    1194.5    |          85.6      44.1      36.9      27.5
   32768     64   creative      0    |       36666.1   68104.7   70598.1   70850.6    |         601.1     865.4    1065.2    1274.1    |          47.6      27.6      24.1      23.5
   32768     64      mixed      0    |       36627.1   68081.9   70617.1   70877.2    |         601.7     938.9    1549.9    1697.9    |          61.2      40.9      36.2      33.7
------------------------------------------------------------------------------------------------------------------------------------------------------------------------------------
   32768    128     coding      0    |       72465.6  135465.8  140710.3  189014.5    |        1188.2    3125.4    4623.5    7817.6    |          55.8      25.2      19.7      16.0
   32768    128   creative      0    |       72333.3  135704.8  140954.8  202017.8    |        1540.5    4114.4    6422.8   11539.1    |          30.7      15.3      12.4      10.1
   32768    128      mixed      0    |       72770.4  136320.1  141587.0  220924.6    |        1776.2    5554.8    8266.7   21020.1    |          42.8      24.3      20.4      17.7
