Per-level latency / throughput (multiturn: shared prefix reused across each user's turns):
TTFT (ms): P50/P95/P99/P100 ascending;  tokens/s: higher is better so percentiles are inverted (P100 = slowest).
TTFT turn1 = first request (full prefill);  TTFT-post = turns 2+ (shared prefix reused — shows prefix-cache benefit).
                                     |                TTFT turn1 (ms)                 |                 TTFT-post (ms)                 |                    tokens/s                
     ctx  users       task failed    |           P50       P95       P99      P100    |           P50       P95       P99      P100    |           P50       P95       P99      P100
------------------------------------------------------------------------------------------------------------------------------------------------------------------------------------
       0      1     coding      0    |         941.4     941.4     941.4     941.4    |         511.1     523.0     523.0     523.0    |          77.9      76.8      76.7      76.7
       0      1   creative      0    |         479.9     479.9     479.9     479.9    |         514.8    1490.3    1623.0    1656.2    |          77.6      77.4      77.4      77.4
       0      1      mixed      0    |         473.9     473.9     473.9     473.9    |         427.1     563.9     579.1     582.9    |          77.3      76.9      76.9      76.8
------------------------------------------------------------------------------------------------------------------------------------------------------------------------------------
       0      4     coding      0    |        1528.5    1532.3    1532.7    1532.8    |         399.7     888.4    1508.8    1663.9    |          58.0      57.1      56.7      56.6
       0      4   creative      0    |         640.7     649.6     650.4     650.5    |         352.6     419.9     506.9     528.7    |          58.9      58.2      58.1      58.1
       0      4      mixed      0    |         608.2     614.2     614.4     614.5    |         426.1     535.5     536.1     536.3    |          57.7      57.0      56.9      56.9
------------------------------------------------------------------------------------------------------------------------------------------------------------------------------------
       0     32     coding      0    |        1640.6    4381.6    4661.2    4729.0    |         401.2     532.4     594.8     666.9    |          28.0      27.4      27.3      27.3
       0     32   creative      0    |        1626.8    4428.2    4628.1    4688.7    |         350.0     485.3     542.7     649.6    |          28.6      27.9      27.8      27.8
       0     32      mixed      0    |        1739.7    4630.8    4677.3    4678.7    |         393.2     567.1     646.5    1010.0    |          26.9      26.2      26.2      26.2
------------------------------------------------------------------------------------------------------------------------------------------------------------------------------------
   32768      1     coding      0    |        3715.1    3715.1    3715.1    3715.1    |         559.1     695.7     709.5     712.9    |          76.7      76.4      76.3      76.3
   32768      1   creative      0    |        3752.2    3752.2    3752.2    3752.2    |         527.5     573.5     577.9     579.0    |          76.5      76.4      76.4      76.4
   32768      1      mixed      0    |        3729.9    3729.9    3729.9    3729.9    |         639.0     657.3     657.9     658.1    |          76.2      75.9      75.8      75.8
------------------------------------------------------------------------------------------------------------------------------------------------------------------------------------
   32768      4     coding      0    |        9713.3   13609.1   13914.3   13990.6    |         531.1     646.7     647.6     647.9    |          56.5      54.2      53.4      53.2
   32768      4   creative      0    |        9606.1   13488.5   13793.9   13870.2    |         502.1     632.9     639.0     640.5    |          57.0      52.5      49.9      49.3
   32768      4      mixed      0    |        9847.4   13762.9   14072.0   14149.3    |         562.3     901.9    1474.0    1617.0    |          55.7      54.1      52.4      52.0
------------------------------------------------------------------------------------------------------------------------------------------------------------------------------------
   32768     32     coding      0    |       58081.2  108047.3  114821.4  116047.5    |         494.4     680.6     737.4     823.2    |          27.3      19.6      16.3      14.8
   32768     32   creative      0    |       58049.4  107878.0  115066.5  116442.0    |         466.5     601.7     669.4     725.4    |          27.8      16.0      13.8       1.3
   32768     32      mixed      0    |       58188.5  108794.1  115141.1  115925.5    |         543.1     718.0     808.0    1349.5    |          25.7      19.2      17.6       7.3
