Per-level latency / throughput (multiturn: shared prefix reused across each user's turns):
TTFT (ms): P50/P95/P99/P100 ascending;  tokens/s: higher is better so percentiles are inverted (P100 = slowest).
TTFT turn1 = first request (full prefill);  TTFT-post = turns 2+ (shared prefix reused — shows prefix-cache benefit).
                                     |                TTFT turn1 (ms)                 |                 TTFT-post (ms)                 |                    tokens/s                
     ctx  users       task failed    |           P50       P95       P99      P100    |           P50       P95       P99      P100    |           P50       P95       P99      P100
------------------------------------------------------------------------------------------------------------------------------------------------------------------------------------
       0      1     coding      0    |         806.5     806.5     806.5     806.5    |         565.3     589.5     589.8     589.9    |         136.4     133.3     133.0     132.9
       0      1   creative      0    |         464.1     464.1     464.1     464.1    |         760.7     913.6     923.6     926.1    |         151.2     132.3     131.6     131.4
       0      1      mixed      0    |         572.2     572.2     572.2     572.2    |         916.4    2896.0    3131.2    3190.0    |         146.7     138.4     138.3     138.3
------------------------------------------------------------------------------------------------------------------------------------------------------------------------------------
       0      4     coding      0    |         695.6     697.4     697.5     697.6    |         404.3     454.4     460.2     461.6    |         129.0     121.4     121.0     120.8
       0      4   creative      0    |         566.9     578.8     579.6     579.8    |         393.0     796.8    1059.7    1125.4    |         122.1     111.4     108.7     108.0
       0      4      mixed      0    |         520.2     526.8     527.1     527.2    |         477.9    1261.6    1528.8    1595.6    |         125.1     117.9     117.6     117.6
------------------------------------------------------------------------------------------------------------------------------------------------------------------------------------
       0     32     coding      0    |        1803.1    4605.2    4839.6    4886.6    |         279.7     507.8     557.3     559.3    |          71.4      66.0      65.0      64.1
       0     32   creative      0    |        1796.1    4591.8    4839.3    4892.2    |         446.4     884.6    1059.8    1246.6    |          66.2      56.1      53.9      50.2
       0     32      mixed     15    |        1775.5    4545.6    4810.5    4873.3    |         551.9    1923.7    2051.8    5029.8    |          55.0      49.0      47.7      46.8
------------------------------------------------------------------------------------------------------------------------------------------------------------------------------------
       0     64     coding      0    |        4964.1   10675.8   11170.0   11274.6    |         366.6     597.4     704.0    1015.6    |          47.1      43.2      42.1      41.2
       0     64   creative      0    |        4887.5   10590.2   11090.1   11213.7    |         523.5    1036.2    2810.9   11304.7    |          41.1      33.2      29.5      28.2
       0     64      mixed     39    |        6119.4   10996.2   11364.2   11483.8    |         668.7    4581.2    6573.4    7254.7    |          35.8      31.3      30.4      29.5
------------------------------------------------------------------------------------------------------------------------------------------------------------------------------------
   32768      1     coding      0    |        2403.6    2403.6    2403.6    2403.6    |        2559.1    2714.5    2731.4    2735.6    |         132.6     131.6     131.5     131.5
   32768      1   creative      0    |        2396.7    2396.7    2396.7    2396.7    |        2514.8    2551.4    2554.5    2555.2    |         141.4     113.9     110.2     109.2
   32768      1      mixed      0    |        2432.7    2432.7    2432.7    2432.7    |        2686.6    2741.4    2744.4    2745.1    |         136.1     127.9     127.1     126.9
------------------------------------------------------------------------------------------------------------------------------------------------------------------------------------
   32768      4     coding      0    |        6280.0    7937.2    8044.3    8071.1    |        2532.3    2662.5    2692.7    2700.2    |         103.5      95.2      93.4      93.0
   32768      4   creative      0    |        6109.9    7757.7    7860.8    7886.6    |        2580.8    2844.6    2850.2    2851.6    |         116.6      91.3      89.7      89.3
   32768      4      mixed      0    |        6299.1    7994.8    8108.1    8136.4    |        2641.9    4547.3    5614.0    5880.6    |         106.6      98.5      96.5      96.0
------------------------------------------------------------------------------------------------------------------------------------------------------------------------------------
   32768     32     coding      0    |       32291.0   59410.6   61156.6   61482.7    |        3502.4    6745.0    7556.5    8312.6    |          34.0      29.5      28.4      27.1
   32768     32   creative      0    |       32277.5   59530.2   61176.8   61507.4    |        2908.2    4670.0    5960.2    6167.6    |          31.9      25.7      23.5      22.9
   32768     32      mixed      0    |       32259.1   59477.4   61348.8   61711.1    |        2914.6    4868.0    6328.8    6715.9    |          32.4      26.2      25.6      24.9
------------------------------------------------------------------------------------------------------------------------------------------------------------------------------------
   32768     64     coding      4    |       60753.5  114696.2  119263.4  120087.7    |       32172.3  247182.2  264951.5  296767.8    |          19.0      15.6      12.7      10.7
   32768     64   creative     51    |       53640.5  100755.4  105220.8  106644.2    |       73329.7  207156.4  283579.6  299856.5    |          21.3      17.3      15.0       0.8
   32768     64      mixed    124    |       43786.4   82343.4   85703.6   86532.8    |       81842.5  257497.8  297148.4  298582.6    |          21.5      19.0      17.8      16.9
