Per-level latency / throughput (multiturn: shared prefix reused across each user's turns):
TTFT (ms): P50/P95/P99/P100 ascending;  tokens/s: higher is better so percentiles are inverted (P100 = slowest).
TTFT turn1 = first request (full prefill);  TTFT-post = turns 2+ (shared prefix reused — shows prefix-cache benefit).
                                     |                TTFT turn1 (ms)                 |                 TTFT-post (ms)                 |                    tokens/s                
     ctx  users       task failed    |           P50       P95       P99      P100    |           P50       P95       P99      P100    |           P50       P95       P99      P100
------------------------------------------------------------------------------------------------------------------------------------------------------------------------------------
       0      1     coding      0    |        1008.5    1008.5    1008.5    1008.5    |        2878.5    4600.6    4816.2    4870.1    |         224.5     199.3     196.0     195.2
       0      1   creative      0    |         182.9     182.9     182.9     182.9    |        5330.1    7328.5    7431.8    7457.6    |         219.0     211.6     210.2     209.9
       0      1      mixed      0    |         195.7     195.7     195.7     195.7    |        9583.1   12690.8   12757.4   12774.1    |         206.3     187.6     186.0     185.6
------------------------------------------------------------------------------------------------------------------------------------------------------------------------------------
       0      4     coding      0    |         678.6     876.4     876.9     877.0    |        1802.2    3633.9    4019.4    4115.8    |         209.4     183.8     182.3     181.9
       0      4   creative      0    |         214.6     219.3     219.3     219.3    |        3331.5   10247.3   10362.0   10390.7    |         209.4     178.6     162.5     158.5
       0      4      mixed      0    |         298.2     310.4     311.2     311.4    |        7092.3   12058.4   12305.4   12367.1    |         205.8     165.8     156.2     153.8
------------------------------------------------------------------------------------------------------------------------------------------------------------------------------------
       0     32     coding      0    |        1573.3    4373.2    4610.5    4666.3    |        1991.3    6150.0    7456.0    7751.2    |         116.8      86.9      76.6      74.9
       0     32   creative      0    |        1563.1    4349.5    4588.8    4637.4    |        3815.2   10251.0   11566.4   11669.3    |          98.9      67.3      55.2      41.4
       0     32      mixed      0    |        1556.4    4402.2    4622.8    4676.9    |        7048.2   17743.4   19372.7   19799.3    |          92.0      66.5      62.1      60.6
------------------------------------------------------------------------------------------------------------------------------------------------------------------------------------
       0     64     coding      0    |        4784.6   10432.7   10921.5   11074.6    |        2136.7    7422.8    9860.3   10933.0    |          72.9      49.9      46.4      40.7
       0     64   creative      0    |        4859.6   10536.3   11001.3   11136.5    |        4105.0   16637.9   26995.9   32302.8    |          56.5      39.3      34.6      32.0
       0     64      mixed      0    |        4898.0   10542.5   11049.9   11192.9    |       11049.9  201555.1  272199.2  480890.6    |          52.8      38.4      35.6      32.6
------------------------------------------------------------------------------------------------------------------------------------------------------------------------------------
   32768      1     coding      0    |        2844.9    2844.9    2844.9    2844.9    |        3593.3    7728.7    8269.3    8404.4    |         226.0     205.0     204.8     204.8
   32768      1   creative      0    |        2699.8    2699.8    2699.8    2699.8    |        4753.7   12008.2   12954.1   13190.5    |         225.1     212.1     211.6     211.5
   32768      1      mixed      0    |        2838.1    2838.1    2838.1    2838.1    |        7737.6   15765.3   16772.5   17024.3    |         197.9     193.2     192.8     192.6
------------------------------------------------------------------------------------------------------------------------------------------------------------------------------------
   32768      4     coding      0    |        6245.5    7732.5    7767.9    7776.8    |        4486.9   11842.1   15068.2   15874.8    |         184.4     144.5     143.6     143.4
   32768      4   creative      0    |        6227.8    7710.0    7743.8    7752.2    |        6371.1   12036.9   12491.4   12605.1    |         182.5     147.2     126.5     121.3
   32768      4      mixed      0    |        6284.2    7779.2    7810.4    7818.2    |       10929.7   21600.9   24987.9   25834.7    |         178.4     150.6     143.3     141.5
------------------------------------------------------------------------------------------------------------------------------------------------------------------------------------
   32768     32     coding      0    |       17963.9   28452.8   29771.3   29888.0    |        4578.3   15323.0   18013.6   32403.1    |          85.2      57.1      53.5      49.8
   32768     32   creative      0    |       17759.0   27354.3   27560.4   27624.1    |        6058.4   16085.8   24968.8   26824.3    |          76.5      53.7      47.2      39.7
   32768     32      mixed      0    |       17769.1   28223.3   29615.9   29804.7    |       12241.1   27666.7   66682.4   80360.2    |          70.6      50.0      47.1      45.9
------------------------------------------------------------------------------------------------------------------------------------------------------------------------------------
   32768     64     coding      0    |       29557.5   53307.9   54478.1   54892.1    |        4655.7   15675.0   20403.7   24576.4    |          46.2      34.3      32.6      31.8
   32768     64   creative      0    |       29664.2   52464.0   57227.2   57402.5    |       16220.7  143605.9  257552.2  266599.7    |          42.9      32.3      28.2      25.5
   32768     64      mixed      2    |       29679.4   53884.6   56703.3   56900.5    |      114437.2  363416.2  761329.1  883777.5    |          46.0      35.4      29.0      19.3
