Per-level latency / throughput (multiturn: shared prefix reused across each user's turns):
TTFT (ms): P50/P95/P99/P100 ascending;  tokens/s: higher is better so percentiles are inverted (P100 = slowest).
TTFT turn1 = first request (full prefill);  TTFT-post = turns 2+ (shared prefix reused — shows prefix-cache benefit).
                                     |                TTFT turn1 (ms)                 |                 TTFT-post (ms)                 |                    tokens/s                
     ctx  users       task failed    |           P50       P95       P99      P100    |           P50       P95       P99      P100    |           P50       P95       P99      P100
------------------------------------------------------------------------------------------------------------------------------------------------------------------------------------
       0      1     coding      0    |         642.0     642.0     642.0     642.0    |        1495.1    1790.5    1822.9    1831.0    |         309.3     292.9     290.3     289.7
       0      1   creative      0    |         388.9     388.9     388.9     388.9    |         958.1    1197.2    1226.9    1234.4    |         161.8     145.5     143.1     142.5
       0      1      mixed      0    |         318.7     318.7     318.7     318.7    |        1815.6    2287.2    2310.7    2316.6    |         220.9     212.5     210.9     210.5
------------------------------------------------------------------------------------------------------------------------------------------------------------------------------------
       0      4     coding      0    |         543.3     551.0     551.8     552.0    |        1509.4    2044.1    2343.3    2418.2    |         241.6     219.0     210.3     208.1
       0      4   creative      0    |         461.9     466.4     466.7     466.8    |         842.6    1395.2    2045.1    2207.6    |         141.0     133.3     131.2     130.7
       0      4      mixed      0    |         461.8     474.1     474.7     474.8    |        1500.4    2106.4    2257.4    2295.2    |         191.6     172.0     169.4     168.7
------------------------------------------------------------------------------------------------------------------------------------------------------------------------------------
       0     32     coding      0    |        1965.5   63567.8   63584.3   63589.5    |       18613.4   56344.5   63315.4   65740.5    |          80.0      61.7      50.2      41.6
       0     32   creative      0    |        2450.5   48128.3   48140.6   48144.8    |       17910.9   36136.8   40592.4   48534.6    |          55.4      44.7      42.4      41.4
       0     32      mixed      0    |        1734.5   76270.5   76289.4   76292.9    |       29174.9   72337.0   76253.2   77718.0    |          61.0      48.8      46.2      45.4
------------------------------------------------------------------------------------------------------------------------------------------------------------------------------------
       0     64     coding      0    |       63417.6  133459.7  139500.5  139504.8    |      183000.3  288221.3  298476.7  524497.3    |          71.3      42.3      38.3      33.2
       0     64   creative      0    |       45497.4  100836.8  113402.3  113411.3    |      159263.9  205618.3  213482.6  216672.3    |          51.2      34.5      32.9      31.8
       0     64      mixed      3    |       77431.2  166983.9  170669.1  170670.5    |      264804.5  573700.4  843374.2  892087.6    |          56.3      34.0      31.9      31.2
------------------------------------------------------------------------------------------------------------------------------------------------------------------------------------
   32768      1     coding      0    |        2984.3    2984.3    2984.3    2984.3    |        2040.3    2318.7    2335.7    2339.9    |         304.9     285.5     284.7     284.5
   32768      1   creative      0    |        2999.4    2999.4    2999.4    2999.4    |        1636.0    2346.2    2441.0    2464.7    |         167.6     158.2     157.0     156.8
   32768      1      mixed      0    |        3092.4    3092.4    3092.4    3092.4    |        2271.7    2936.3    2978.3    2988.7    |         212.9     211.8     211.7     211.7
------------------------------------------------------------------------------------------------------------------------------------------------------------------------------------
   32768      4     coding      0    |        9096.9   10372.2   10416.8   10428.0    |        1980.7    3567.5    3829.3    3894.8    |         212.3     157.7     133.9     128.0
   32768      4   creative      0    |        9139.9   10386.4   10429.8   10440.6    |        1237.2    1759.9    1771.9    1774.8    |         123.1     114.4     105.4     103.2
   32768      4      mixed      0    |        9254.9   10540.5   10589.5   10601.7    |        2137.5    2903.7    3036.5    3069.7    |         167.0     151.3     148.8     148.1
------------------------------------------------------------------------------------------------------------------------------------------------------------------------------------
   32768     32     coding      0    |       43776.9  160444.8  165058.6  165454.7    |       40068.0   97959.3  116935.2  132336.1    |          53.7      27.4      22.3      19.8
   32768     32   creative      0    |       43527.6  139351.8  145624.4  148349.4    |       26965.4   46811.9   54344.2   57329.1    |          37.0      29.6      23.4      20.8
   32768     32      mixed      0    |       43522.3  184055.8  188971.2  189381.1    |       55104.4  165080.6  191687.8  196067.4    |          43.6      28.3      27.0      21.7
------------------------------------------------------------------------------------------------------------------------------------------------------------------------------------
   32768     64     coding      9    |      165735.2  538340.4  554275.7  554441.3    |      286529.6  751683.5  898989.1  901328.8    |          35.3      20.9      17.5      13.9
   32768     64   creative      7    |      149044.2  293339.2  555892.0  564095.0    |      282228.2  598446.9  883495.7  900800.2    |          23.8      18.3      17.4      17.0
   32768     64      mixed     38    |      194117.4  853405.8  885767.8  885970.4    |      288911.4  887157.6  899403.6  901829.4    |          29.6      23.1      21.0      17.2
