Per-level latency / throughput (multiturn: shared prefix reused across each user's turns):
TTFT (ms): P50/P95/P99/P100 ascending;  tokens/s: higher is better so percentiles are inverted (P100 = slowest).
TTFT turn1 = first request (full prefill);  TTFT-post = turns 2+ (shared prefix reused — shows prefix-cache benefit).
                                     |                TTFT turn1 (ms)                 |                 TTFT-post (ms)                 |                    tokens/s                
     ctx  users       task failed    |           P50       P95       P99      P100    |           P50       P95       P99      P100    |           P50       P95       P99      P100
------------------------------------------------------------------------------------------------------------------------------------------------------------------------------------
       0      1     coding      0    |        1198.2    1198.2    1198.2    1198.2    |        1604.0    1871.9    1896.8    1903.1    |         317.4     287.3     283.1     282.1
       0      1   creative      0    |         384.0     384.0     384.0     384.0    |         933.8    1239.6    1259.7    1264.7    |         164.8     158.7     158.1     158.0
       0      1      mixed      0    |         297.7     297.7     297.7     297.7    |        1610.9    1971.2    2000.2    2007.4    |         219.4     218.1     217.9     217.9
------------------------------------------------------------------------------------------------------------------------------------------------------------------------------------
       0      4     coding      0    |        1068.5    1073.0    1073.4    1073.5    |        1696.4    2355.0    2427.4    2445.4    |         249.6     223.9     218.3     216.8
       0      4   creative      0    |         405.3     408.7     409.1     409.2    |         783.9    1329.0    1370.4    1380.8    |         142.8     128.1     127.9     127.8
       0      4      mixed      0    |         540.8     543.2     543.3     543.3    |        1581.1    3091.0    3780.4    3952.7    |         182.6     163.0     132.8     125.3
------------------------------------------------------------------------------------------------------------------------------------------------------------------------------------
       0      8     coding      0    |         575.9     651.4     652.7     653.0    |        1387.4    3797.2    4993.7    5415.7    |         182.9     159.0     155.0     154.4
       0      8   creative      0    |         473.2     490.4     491.2     491.4    |         865.6    1231.3    1793.2    1991.7    |         115.1     103.7     101.0      99.8
       0      8      mixed      0    |         681.1     699.8     700.0     700.1    |        1614.7    2917.7    3783.6    3795.3    |         143.8     126.2     124.6     123.8
------------------------------------------------------------------------------------------------------------------------------------------------------------------------------------
       0     16     coding      0    |         978.2    1798.6    2003.4    2054.6    |        1639.8    2586.1    2883.3    2949.3    |         125.7      90.4      84.2      74.2
       0     16   creative      0    |         583.2    1452.5    1556.0    1581.9    |         951.3    1887.6    3200.6    3918.3    |          83.0      70.7      68.7      68.5
       0     16      mixed      0    |         838.0    1513.5    1630.6    1659.9    |        1699.0    3121.5    3321.9    3483.0    |          94.6      80.2      78.1      76.1
------------------------------------------------------------------------------------------------------------------------------------------------------------------------------------
       0     32     coding      0    |        1753.9    4514.0    4762.5    4790.8    |        1879.4    3852.2    4309.8    4337.8    |          69.7      57.6      51.8      41.8
       0     32   creative      0    |        1783.1    4593.4    4842.5    4894.7    |         964.8    2011.5    2795.8    3012.3    |          50.5      39.9      37.9      37.5
       0     32      mixed      0    |        1652.5    4475.0    4739.2    4804.1    |        1864.5   13389.3   29308.6   35386.2    |          55.7      44.3      43.5      42.8
------------------------------------------------------------------------------------------------------------------------------------------------------------------------------------
       0     64     coding      0    |        5104.7   98540.8  100370.2  100428.1    |       90571.9  152101.0  155326.0  157215.8    |          51.3      39.5      30.2      28.5
       0     64   creative      0    |        4870.4   77082.0   77529.1   77530.4    |       62069.7   89397.9   95079.2   97864.5    |          34.8      27.3      25.8      25.6
       0     64      mixed      0    |        4908.8  119808.6  120366.2  120367.7    |      124871.9  235301.8  253199.7  265523.7    |          41.9      33.4      31.5      22.2
------------------------------------------------------------------------------------------------------------------------------------------------------------------------------------
   32768      1     coding      0    |        3086.8    3086.8    3086.8    3086.8    |        1926.6    2382.0    2422.0    2432.0    |         286.1     280.6     279.5     279.3
   32768      1   creative      0    |        3170.1    3170.1    3170.1    3170.1    |        1791.2    2291.3    2332.8    2343.1    |         181.7     151.8     150.8     150.5
   32768      1      mixed      0    |        3044.3    3044.3    3044.3    3044.3    |        2207.6    2561.6    2584.8    2590.6    |         212.6     211.2     211.1     211.0
------------------------------------------------------------------------------------------------------------------------------------------------------------------------------------
   32768      4     coding      0    |        9390.7   10674.5   10718.1   10729.0    |        2317.6    3673.6    4170.5    4294.7    |         215.3     161.5     135.2     128.6
   32768      4   creative      0    |        9440.6   10764.7   10809.3   10820.5    |        1331.7    1952.0    1979.4    1986.3    |         125.0     110.0     104.0     102.6
   32768      4      mixed      0    |        9277.0   10535.9   10579.2   10590.0    |        2680.5    4613.3    4702.4    4724.7    |         166.1     149.7     146.4     145.6
------------------------------------------------------------------------------------------------------------------------------------------------------------------------------------
   32768      8     coding      0    |       14422.8   20600.2   20715.9   20744.9    |        2298.8    3792.1    3946.2    3947.0    |         158.4     104.3      98.0      97.6
   32768      8   creative      0    |       14265.2   20528.6   20651.1   20681.7    |        1533.4    2393.6    2542.3    2592.8    |          91.9      84.5      79.0      75.7
   32768      8      mixed      0    |       14282.4   20611.8   20746.1   20779.7    |        2393.0    3375.1    3757.7    3824.7    |         117.9     102.4     102.0     101.9
------------------------------------------------------------------------------------------------------------------------------------------------------------------------------------
   32768     16     coding      0    |       24164.1   40167.0   40445.9   40515.7    |        2512.2    4096.8    5312.6    5615.5    |          95.4      65.2      61.2      60.4
   32768     16   creative      0    |       24443.1   40729.5   41046.6   41125.9    |        1482.0    2828.6    3553.5    4144.3    |          62.5      49.2      43.2      43.2
   32768     16      mixed      0    |       24550.8   40659.1   41000.9   41086.4    |        2673.4    6391.7    7168.6    7216.1    |          75.5      62.3      60.5      60.3
------------------------------------------------------------------------------------------------------------------------------------------------------------------------------------
   32768     32     coding      0    |       44327.1   79105.9   80551.5   80746.8    |       19587.0   93043.2   95283.6   95706.3    |          57.8      40.9      34.4      33.9
   32768     32   creative      0    |       44518.5   79464.4   80965.7   81177.8    |        3547.2   33195.9   50140.4   56172.0    |          34.5      26.6      22.7      21.6
   32768     32      mixed      0    |       44499.9   79464.4   81001.2   81240.0    |       56844.6  161993.3  174769.5  176614.1    |          47.3      35.6      31.0      29.5
------------------------------------------------------------------------------------------------------------------------------------------------------------------------------------
   32768     64     coding      0    |       84833.2  295738.8  429289.5  429303.6    |      203262.8  297434.7  558344.9  573186.1    |          51.8      26.8      20.3      19.4
   32768     64   creative      0    |       84245.6  262086.3  271110.1  271322.0    |      167073.4  216088.0  223606.4  228383.9    |          30.8      16.1      13.2      11.9
   32768     64      mixed     15    |       84921.3  364372.7  367292.9  370096.9    |      275854.9  599788.7  885636.2  901710.1    |          44.1      22.6      19.2      18.0
