Per-level latency / throughput (multiturn: shared prefix reused across each user's turns):
TTFT (ms): P50/P95/P99/P100 ascending;  tokens/s: higher is better so percentiles are inverted (P100 = slowest).
TTFT turn1 = first request (full prefill);  TTFT-post = turns 2+ (shared prefix reused — shows prefix-cache benefit).
                                     |                TTFT turn1 (ms)                 |                 TTFT-post (ms)                 |                    tokens/s                
     ctx  users       task failed    |           P50       P95       P99      P100    |           P50       P95       P99      P100    |           P50       P95       P99      P100
------------------------------------------------------------------------------------------------------------------------------------------------------------------------------------
       0      1     coding      0    |        1076.1    1076.1    1076.1    1076.1    |         364.0     422.5     430.1     432.0    |          65.6      62.9      62.6      62.6
       0      1   creative      0    |         322.8     322.8     322.8     322.8    |         443.8     548.2     548.4     548.4    |          66.8      64.2      63.9      63.9
       0      1      mixed      0    |         346.8     346.8     346.8     346.8    |         548.5     783.4     811.6     818.7    |          66.9      66.2      66.1      66.1
------------------------------------------------------------------------------------------------------------------------------------------------------------------------------------
       0      4     coding      0    |         491.0     501.2     502.4     502.7    |         332.5     418.3     438.2     443.2    |          62.8      61.3      60.8      60.7
       0      4   creative      0    |         562.4     564.0     564.1     564.1    |         508.5     983.2     996.1     999.3    |          64.2      57.8      57.8      57.7
       0      4      mixed      0    |         551.5     557.4     557.9     558.1    |         484.2     733.5     934.4     984.6    |          62.8      60.0      59.4      59.3
------------------------------------------------------------------------------------------------------------------------------------------------------------------------------------
       0     32     coding      0    |        1642.5    4417.2    4679.9    4736.7    |         390.6     688.6    1308.2    2193.2    |          39.0      36.2      35.1      33.9
       0     32   creative      0    |        1617.5    4465.8    4717.5    4789.2    |         402.9    1096.4    1449.2    1500.2    |          38.9      33.1      31.4      29.0
       0     32      mixed      0    |        2130.1    4484.8    4699.5    4757.3    |         569.4    1861.7    2250.5    2794.0    |          35.2      32.9      32.3      32.1
------------------------------------------------------------------------------------------------------------------------------------------------------------------------------------
   32768      1     coding      0    |        3486.1    3486.1    3486.1    3486.1    |        3606.7    3679.9    3681.0    3681.3    |          67.1      60.7      59.8      59.6
   32768      1   creative      0    |        3446.1    3446.1    3446.1    3446.1    |        3824.4    4211.1    4228.9    4233.3    |          64.2      61.1      60.8      60.7
   32768      1      mixed      0    |        3427.7    3427.7    3427.7    3427.7    |        3700.7    3812.3    3819.9    3821.8    |          67.3      64.2      63.9      63.8
------------------------------------------------------------------------------------------------------------------------------------------------------------------------------------
   32768      4     coding      0    |        9852.6   12395.9   12536.4   12571.5    |        3651.6    4729.1    5149.4    5254.4    |          56.6      52.9      51.8      51.5
   32768      4   creative      0    |        9896.3   12406.3   12549.0   12584.7    |        3752.6    4374.2    4572.3    4621.9    |          58.9      54.0      53.7      53.7
   32768      4      mixed      0    |        9832.2   12418.0   12565.1   12601.8    |        3686.7    4778.8    5172.7    5271.1    |          58.0      54.8      54.6      54.5
------------------------------------------------------------------------------------------------------------------------------------------------------------------------------------
   32768     32     coding      0    |       53939.4   99027.4  101954.9  102452.0    |       13610.2   54210.2  128708.8  170411.7    |          22.1      17.6      15.2      14.1
   32768     32   creative      4    |       50289.0   92636.1   96258.3   97184.9    |       50421.5  139464.9  240206.3  291594.4    |          25.0      19.6      18.6      17.8
   32768     32      mixed     30    |       43615.7   77473.7   81224.1   82213.7    |       60822.6  241410.2  295406.5  299522.7    |          26.6      23.3      20.5      20.2
