Per-level latency / throughput (multiturn: shared prefix reused across each user's turns):
TTFT (ms): P50/P95/P99/P100 ascending;  tokens/s: higher is better so percentiles are inverted (P100 = slowest).
TTFT turn1 = first request (full prefill);  TTFT-post = turns 2+ (shared prefix reused — shows prefix-cache benefit).
                                     |                TTFT turn1 (ms)                 |                 TTFT-post (ms)                 |                    tokens/s                
     ctx  users       task failed    |           P50       P95       P99      P100    |           P50       P95       P99      P100    |           P50       P95       P99      P100
------------------------------------------------------------------------------------------------------------------------------------------------------------------------------------
       0      1     coding      0    |         706.8     706.8     706.8     706.8    |         357.5     382.2     383.5     383.8    |          73.6      72.2      72.2      72.2
       0      1   creative      0    |         311.8     311.8     311.8     311.8    |         487.3     657.7     681.4     687.3    |          73.8      67.4      66.6      66.4
       0      1      mixed      0    |         364.0     364.0     364.0     364.0    |         481.3     584.5     596.3     599.3    |          77.6      74.3      73.6      73.5
------------------------------------------------------------------------------------------------------------------------------------------------------------------------------------
       0      4     coding      0    |        5751.3    5759.6    5760.8    5761.0    |         344.7    1109.2    1371.9    1437.5    |          74.3      70.0      69.0      68.8
       0      4   creative      0    |        1749.0    1756.2    1756.8    1756.9    |         441.5     726.5     757.1     764.8    |          73.6      67.8      67.5      67.5
       0      4      mixed      0    |         526.6     532.7     533.0     533.1    |         358.9    1370.9    1487.9    1517.2    |          74.2      70.0      69.1      68.9
------------------------------------------------------------------------------------------------------------------------------------------------------------------------------------
       0      8     coding      0    |         588.2     598.7     598.8     598.8    |         335.2     739.8    1165.3    1198.2    |          68.2      63.8      63.8      63.8
       0      8   creative      0    |         617.9     625.8     626.0     626.0    |         452.0     734.9     784.4     806.1    |          70.0      61.2      60.5      60.4
       0      8      mixed      0    |         747.9     760.2     761.3     761.6    |         514.3    1432.8    1548.8    1592.0    |          67.0      63.7      62.3      61.7
------------------------------------------------------------------------------------------------------------------------------------------------------------------------------------
       0     16     coding      0    |         966.0    1420.2    1789.4    1881.7    |         318.9    1053.4    1406.4    1434.4    |          58.3      53.6      51.9      51.7
       0     16   creative      0    |         819.4    1644.5    2494.1    2706.5    |         498.4     764.6     813.1     848.9    |          56.2      50.2      49.4      49.0
       0     16      mixed      0    |        1102.7    2427.1    2428.7    2429.1    |         432.4    1873.3    2495.5    2611.8    |          56.2      49.9      49.2      48.3
------------------------------------------------------------------------------------------------------------------------------------------------------------------------------------
       0     32     coding      0    |        1613.9    4533.5    4740.7    4742.8    |         375.6    1217.1    2007.3    2049.0    |          44.5      37.3      36.3      35.6
       0     32   creative      0    |        1766.4    4476.2    4694.9    4700.1    |         685.0    2370.7    4422.6    5322.2    |          41.8      36.7      35.5      33.4
       0     32      mixed      0    |        1655.0    4529.7    4705.7    4779.1    |         489.0    2279.4    3199.7    4478.6    |          39.4      33.8      33.2      31.7
------------------------------------------------------------------------------------------------------------------------------------------------------------------------------------
   32768      1     coding      0    |        2725.7    2725.7    2725.7    2725.7    |        1308.0    1955.4    1984.2    1991.4    |         107.3      76.3      75.7      75.5
   32768      1   creative      0    |        2697.3    2697.3    2697.3    2697.3    |         835.7    1102.5    1119.7    1124.0    |          78.6      75.4      75.1      75.0
   32768      1      mixed      0    |        2749.5    2749.5    2749.5    2749.5    |         778.6    1649.0    1760.6    1788.5    |          78.8      76.1      75.9      75.8
------------------------------------------------------------------------------------------------------------------------------------------------------------------------------------
   32768      4     coding      0    |        7605.6   10004.2   10126.0   10156.4    |         795.3    1997.4    2110.8    2139.1    |          89.1      65.4      64.4      64.1
   32768      4   creative      0    |        7589.9   10008.9   10131.9   10162.6    |         974.0    1068.2    1078.8    1081.4    |          67.9      61.7      61.3      61.3
   32768      4      mixed      0    |        7615.8   10043.0   10165.0   10195.5    |        1435.9    2429.0    2456.6    2463.5    |          71.3      64.9      64.3      64.2
------------------------------------------------------------------------------------------------------------------------------------------------------------------------------------
   32768      8     coding      0    |       12710.0   19591.9   20069.0   20188.3    |         789.4    2371.2    3032.9    3163.2    |          59.9      56.2      52.5      52.0
   32768      8   creative      0    |       12619.8   19530.9   20013.6   20134.3    |        1010.5    1176.8    1189.4    1189.6    |          57.9      51.9      49.3      48.9
   32768      8      mixed      0    |       12697.6   19657.6   20137.3   20257.2    |         895.9    2501.1    3398.6    3735.4    |          57.8      53.5      53.2      53.1
------------------------------------------------------------------------------------------------------------------------------------------------------------------------------------
   32768     16     coding      0    |       22744.7   39211.6   39939.7   40121.7    |         901.8    3168.2    4429.8    4450.8    |          47.5      39.6      39.0      38.4
   32768     16   creative      0    |       22752.1   39125.1   39953.3   40160.3    |        1556.6    3469.1    3985.0    4311.6    |          44.0      38.3      35.1      35.1
   32768     16      mixed      0    |       22929.3   39428.5   40272.7   40483.7    |        1975.2    3903.3    4311.3    4654.4    |          43.7      39.3      38.7      38.1
------------------------------------------------------------------------------------------------------------------------------------------------------------------------------------
   32768     32     coding      3    |       38839.3   71051.2   73739.8   74270.2    |       26335.2  106712.1  195815.2  213761.9    |          25.9      18.6      16.6      15.1
   32768     32   creative      4    |       37602.0   68183.8   71381.2   72250.7    |       57771.8  127632.6  215047.1  216551.5    |          25.6      21.1      19.0      16.3
   32768     32      mixed     27    |       32745.1   59264.6   61547.1   62083.1    |       78301.2  243595.8  285576.2  288503.4    |          28.1      23.7      19.8      18.2
